0 0 0
-0.389983805018 0.413320483649 -0.822847986945 3.906314755535
-0.234456377670 0.819580435000 0.522798352652 -0.440580750715
0.890473379048 0.396804849216 -0.222717473146 1.870654980345
0.000000000000 0.000000000000 0.000000000000 1.000000000000
1 1 0
-0.600406836874 0.345663674222 -0.721129845837 3.451740343923
-0.227792573774 0.790473856032 0.568561013668 -1.046788364442
0.766565178943 0.505635943396 -0.395866289520 2.649086196071
0.000000000000 0.000000000000 0.000000000000 1.000000000000
2 2 0
-0.473264489245 0.366202920818 -0.801196694953 3.841957230926
-0.220764521192 0.831172559242 0.510308928930 -0.718181022903
0.852809327694 0.418386899349 -0.312519844251 2.159387953885
0.000000000000 0.000000000000 0.000000000000 1.000000000000
3 3 0
-0.722692013170 0.309328815568 -0.618087322277 3.229531821424
-0.182745155644 0.776921764930 0.602492140419 -1.120035320215
0.666573673489 0.548368721790 -0.504946811826 3.021905527616
0.000000000000 0.000000000000 0.000000000000 1.000000000000
4 4 0
-0.873304847040 0.191513064979 -0.447952441761 2.299431030334
-0.141391796721 0.780277246258 0.609241970642 -1.214750214222
0.466204894823 0.595390766567 -0.654341524839 3.482482298989
0.000000000000 0.000000000000 0.000000000000 1.000000000000
5 5 0
-0.840647318167 0.193972420114 -0.505654809820 2.893079451155
-0.155038453608 0.808395214939 0.567855839423 -1.141757509697
0.518917300118 0.555762428290 -0.649502085400 3.377011523215
0.000000000000 0.000000000000 0.000000000000 1.000000000000
6 6 0
-0.959745415797 0.139233280903 -0.243932019926 1.889434674176
-0.047577895884 0.775340519809 0.629748697629 -1.315012981734
0.276812356443 0.616004197900 -0.737505083026 3.684058310892
0.000000000000 0.000000000000 0.000000000000 1.000000000000
7 7 0
-0.986228450322 0.087065876848 -0.140616417476 1.503684197833
-0.017713154712 0.789722790718 0.613208087008 -1.390578820391
0.164437489416 0.607254021732 -0.777304872727 3.844139568154
0.000000000000 0.000000000000 0.000000000000 1.000000000000
8 8 0
-0.997077373674 0.058811341737 -0.048764095301 1.122612056268
0.015525065159 0.780944179427 0.624407848262 -1.444077772523
0.074804299738 0.621825871689 -0.779574821322 4.067685505281
0.000000000000 0.000000000000 0.000000000000 1.000000000000
9 9 0
-0.998460015356 -0.008429774761 0.054831894294 0.072884902263
0.032351320787 0.714449255139 0.698938948604 -1.193449811941
-0.045066503945 0.699636477558 -0.713076299910 3.713815440509
0.000000000000 0.000000000000 0.000000000000 1.000000000000
10 10 0
-0.995996367202 0.063203249063 -0.063218556041 0.687734659179
0.003451975600 0.733857539530 0.679294630878 -1.310884483013
0.089327041732 0.676356755701 -0.731137619489 4.104904700188
0.000000000000 0.000000000000 0.000000000000 1.000000000000
11 11 0
-0.968977390386 -0.082006762407 0.233147395098 -0.399750598736
0.104576276814 0.718693292595 0.687418179500 -1.154988094328
-0.223934408363 0.690474360204 -0.687821589260 3.529486451971
0.000000000000 0.000000000000 0.000000000000 1.000000000000
12 12 0
-0.922688953579 -0.130931291365 0.362632171607 -1.077575363797
0.168388512121 0.709263601264 0.684536670243 -1.198745431336
-0.346829070190 0.692677515777 -0.632382364719 3.248830830867
0.000000000000 0.000000000000 0.000000000000 1.000000000000
13 13 0
-0.929709084585 -0.113052000747 0.350514283828 -0.962241955734
0.164163504211 0.724739281434 0.669181080001 -1.229971160469
-0.329683730150 0.679685382418 -0.655237681304 3.445674606164
0.000000000000 0.000000000000 0.000000000000 1.000000000000
14 14 0
-0.847769144698 -0.217338929397 0.483788452804 -1.539452905472
0.186909340830 0.731224917041 0.656029739424 -1.232194311424
-0.496338972486 0.646586351903 -0.579287246471 2.937784052364
0.000000000000 0.000000000000 0.000000000000 1.000000000000
15 15 0
-0.754757159157 -0.260542506983 0.602045872635 -2.012494143540
0.230179739615 0.754214853422 0.614961171415 -1.062485451731
-0.614295464880 0.602725108929 -0.509277453747 2.559164473711
0.000000000000 0.000000000000 0.000000000000 1.000000000000
16 16 0
-0.792795701421 -0.245491889312 0.557860832189 -1.865106702057
0.209520127405 0.749740406366 0.627686736576 -1.221115739943
-0.572342809879 0.614510419231 -0.542955479423 2.755202510577
0.000000000000 0.000000000000 0.000000000000 1.000000000000
17 17 0
-0.734985411036 -0.282986496290 0.616210263208 -2.100131804865
0.242331132959 0.739120163308 0.628471961340 -0.881329939304
-0.633302508730 0.611244654054 -0.474666098776 2.243942899010
0.000000000000 0.000000000000 0.000000000000 1.000000000000
18 18 0
-0.445395424914 -0.372072589815 0.814361653919 -2.721786828265
0.290400291724 0.800354393629 0.524500252779 -0.757111381382
-0.846930095127 0.470100874821 -0.248424196607 1.779807834564
0.000000000000 0.000000000000 0.000000000000 1.000000000000
19 19 0
-0.618827539043 -0.347383656607 0.704540326769 -2.257461419889
0.261562920553 0.754595596109 0.601805886416 -0.806179173489
-0.740700557252 0.556695681190 -0.376101851938 2.037202009670
0.000000000000 0.000000000000 0.000000000000 1.000000000000
20 20 0
-0.352020872046 -0.382094971927 0.854449962299 -2.910246334152
0.295233100688 0.820952775492 0.488747334182 -0.678990410466
-0.888210967002 0.424311174541 -0.176185428618 1.555606393274
0.000000000000 0.000000000000 0.000000000000 1.000000000000
21 21 0
-0.324321616938 -0.377942457021 0.867164913939 -2.921187192662
0.313172136621 0.822120627078 0.475437574638 -0.594474122068
-0.892602207947 0.425766571861 -0.148270444307 1.286725247656
0.000000000000 0.000000000000 0.000000000000 1.000000000000
22 22 0
-0.224863751774 -0.402787975580 0.887241872246 -2.866251877953
0.337461299850 0.822016311972 0.458703666821 -0.486020969836
-0.914087613001 0.402555622963 -0.048916318127 0.685895234785
0.000000000000 0.000000000000 0.000000000000 1.000000000000
23 23 0
-0.232985886087 -0.385272326993 0.892906944165 -2.967492181410
0.341343448783 0.827356816770 0.446055319121 -0.543387343539
-0.910605417762 0.408712529533 -0.061252276249 1.073625365395
0.000000000000 0.000000000000 0.000000000000 1.000000000000
24 24 0
-0.035149421794 -0.411470324089 0.910745129299 -3.130284765786
0.335047155876 0.853716958277 0.398636122912 -0.294138866011
-0.941545496239 0.319154394526 0.107854304354 0.163043823837
0.000000000000 0.000000000000 0.000000000000 1.000000000000
25 25 0
0.166261973745 -0.384630781524 0.907973632872 -3.136545887392
0.307352331487 0.895132963173 0.322911013393 -0.226428449054
-0.936958643920 0.225379990562 0.267043740685 -0.279043516331
0.000000000000 0.000000000000 0.000000000000 1.000000000000
26 26 0
0.133701282745 -0.401534236850 0.906032131676 -3.231017584514
0.326024293412 0.881173055685 0.342406492404 -0.271979833961
-0.935859031638 0.249608298284 0.248723883715 -0.139923520346
0.000000000000 0.000000000000 0.000000000000 1.000000000000
27 27 0
0.199243266501 -0.387743747563 0.899976059115 -2.992829953103
0.324021129373 0.892800426063 0.312918051479 -0.095752793353
-0.924831026985 0.229264444359 0.303521640215 -0.563996164032
0.000000000000 0.000000000000 0.000000000000 1.000000000000
28 28 0
0.229561441644 -0.357799837613 0.905141326376 -2.690524742147
0.320344362670 0.905937643069 0.276869059624 0.579516801260
-0.919065304435 0.226398460850 0.322587512326 -0.819418773019
0.000000000000 0.000000000000 0.000000000000 1.000000000000
29 29 0
0.192555436292 -0.396467587819 0.897627904960 -2.818250158196
0.323743735679 0.889196335495 0.323295330234 0.318539166713
-0.926343563459 0.228349137837 0.299573486287 -0.609994802264
0.000000000000 0.000000000000 0.000000000000 1.000000000000
30 30 0
0.388982474688 -0.266679790068 0.881801862073 -2.781441587044
0.330942611199 0.933740692580 0.136401272400 0.743117060442
-0.859749744099 0.238768106306 0.451464471396 -1.461588647090
0.000000000000 0.000000000000 0.000000000000 1.000000000000
31 31 0
0.411178263039 -0.263602875836 0.872608709477 -2.702562190973
0.306018760944 0.941637049898 0.140257563825 0.893427315399
-0.858652988089 0.209363774591 0.467848112035 -1.731104609890
0.000000000000 0.000000000000 0.000000000000 1.000000000000
32 32 0
0.589509890135 -0.278877177797 0.758093403967 -1.948187390310
0.258441455017 0.954296988001 0.150084219761 1.039466815772
-0.765301315668 0.107446630457 0.634640936153 -2.223071324685
0.000000000000 0.000000000000 0.000000000000 1.000000000000
33 33 0
0.714843530552 -0.240901207584 0.656479500832 -1.548021088641
0.229997871055 0.967552799449 0.104606689983 1.175938055274
-0.660378456749 0.076211471996 0.747055624032 -2.664986775275
0.000000000000 0.000000000000 0.000000000000 1.000000000000
34 34 0
0.824306492072 -0.167840738327 0.540692420591 -1.150321607888
0.184517889185 0.982543490624 0.023694674566 1.340354756379
-0.535230749955 0.080235750074 0.840886596820 -3.104668710991
0.000000000000 0.000000000000 0.000000000000 1.000000000000
35 35 0
0.867548736496 -0.178871685096 0.464073388674 -0.707619854832
0.179437555482 0.982812932104 0.043369392109 1.368490750480
-0.463854884083 0.045647133101 0.884734415377 -3.197128243486
0.000000000000 0.000000000000 0.000000000000 1.000000000000
36 36 0
0.947929214682 -0.086171466108 0.306601830360 -0.076863097534
0.070871069311 0.995636099980 0.060712831846 1.362006960957
-0.310495564358 -0.035822267443 0.949899610311 -3.346820066096
0.000000000000 0.000000000000 0.000000000000 1.000000000000
37 37 0
0.961308220444 -0.063472632664 0.268062922108 0.042153954227
0.059111620200 0.997955171110 0.024316513146 1.413545854560
-0.269058212407 -0.007530030338 0.963094479778 -3.387266236079
0.000000000000 0.000000000000 0.000000000000 1.000000000000
38 38 0
0.997390486231 0.014154356147 0.070794577327 0.731731757602
-0.012909518259 0.999754451913 -0.018010558524 1.494686289198
-0.071032121714 0.017049635835 0.997328304824 -3.549936760050
0.000000000000 0.000000000000 0.000000000000 1.000000000000
39 39 0
0.990085379324 0.015447502613 0.139614885710 0.404525202621
-0.015932147581 0.999870303698 0.002354242170 1.505873332129
-0.139560411014 -0.004555265715 0.990203080803 -3.549241684190
0.000000000000 0.000000000000 0.000000000000 1.000000000000
40 40 0
0.986542979540 0.104188413134 -0.126006841438 1.671184859137
-0.109785003970 0.993217228308 -0.038298698352 1.468393522708
0.121161885195 0.051616973572 0.991289809095 -3.484682229018
0.000000000000 0.000000000000 0.000000000000 1.000000000000
41 41 0
0.993224868796 0.090866196362 -0.072440971585 1.348115891784
-0.092467896034 0.995533125690 -0.019065252600 1.468905792603
0.070384999884 0.025634547241 0.997190464144 -3.393346103251
0.000000000000 0.000000000000 0.000000000000 1.000000000000
42 42 0
0.943252602834 0.141164756105 -0.300577841632 2.321750159899
-0.162617404884 0.985547228186 -0.047457777491 1.523085709221
0.289534293089 0.093643860715 0.952575834501 -3.408940979919
0.000000000000 0.000000000000 0.000000000000 1.000000000000
43 43 0
0.939824013405 0.139317298866 -0.311963962766 2.353418739441
-0.161751033993 0.985707268027 -0.047093362179 1.521687987988
0.300944225448 0.094719966194 0.948926077824 -3.404719306262
0.000000000000 0.000000000000 0.000000000000 1.000000000000
44 44 0
0.862757133326 0.190839479090 -0.468220484511 2.894775021749
-0.212527624596 0.977132400492 0.006654373881 1.350441829428
0.458783323236 0.093768678827 0.883586609899 -2.921140786639
0.000000000000 0.000000000000 0.000000000000 1.000000000000
45 45 0
0.717375420723 0.261081408638 -0.645917180299 3.533137456121
-0.329174921968 0.944132901028 0.016029221577 1.286447715912
0.614016593008 0.201120767850 0.763239189409 -2.833872462735
0.000000000000 0.000000000000 0.000000000000 1.000000000000
46 46 0
0.701529526127 0.219844748031 -0.677882446103 3.764988374931
-0.281915310206 0.959244270658 0.019343915869 1.281309407269
0.654507510914 0.177535111944 0.734915778973 -2.603254271520
0.000000000000 0.000000000000 0.000000000000 1.000000000000
47 47 0
0.694272504363 0.222921267696 -0.684318491708 3.841564077146
-0.287979631062 0.957433436831 0.019721717261 1.242198515518
0.659585795616 0.183377540738 0.728916494377 -2.466842715248
0.000000000000 0.000000000000 0.000000000000 1.000000000000
48 48 0
0.491460610279 0.260004511876 -0.831182364075 4.408015330302
-0.328654953042 0.939197724435 0.099466357417 0.959686848552
0.806506286637 0.224288404116 0.547030457464 -1.814778763131
0.000000000000 0.000000000000 0.000000000000 1.000000000000
49 49 0
0.335064997329 0.277046463668 -0.900542450156 4.882551038493
-0.372348385284 0.916924772424 0.143546653361 0.744830785868
0.865498773853 0.287218068170 0.410387199819 -1.404382497957
0.000000000000 0.000000000000 0.000000000000 1.000000000000
50 50 0
0.279583110422 0.277551688851 -0.919129122802 4.975334372439
-0.373370978885 0.913384370009 0.162243966760 0.657239203442
0.884549261767 0.297815467428 0.358996588935 -1.124519291535
0.000000000000 0.000000000000 0.000000000000 1.000000000000
51 51 0
0.225486319903 0.303004788590 -0.925928732478 4.801672041152
-0.359677555556 0.909155292818 0.209925485757 0.622084362793
0.905421435336 0.285700457879 0.313986102880 -0.241885465455
0.000000000000 0.000000000000 0.000000000000 1.000000000000
